0.000 1.216 3.389 2.955 2.489 2.754 2.255 3.962 3.851 2.354 nan nan
1.216 0.000 4.591 3.333 3.444 3.216 2.840 4.131 4.940 2.963 nan nan
3.389 4.591 0.000 3.868 2.721 4.165 3.253 4.924 1.877 3.653 nan nan
2.955 3.333 3.868 0.000 3.604 3.827 3.392 1.245 3.483 3.298 nan nan
2.489 3.444 2.721 3.604 0.000 1.503 4.097 4.339 2.227 1.137 nan nan
2.754 3.216 4.165 3.827 1.503 0.000 4.843 4.256 3.445 0.609 nan nan
2.255 2.840 3.253 3.392 4.097 4.843 0.000 4.600 4.464 4.337 nan nan
3.962 4.131 4.924 1.245 4.339 4.256 4.600 0.000 4.163 3.827 nan nan
3.851 4.940 1.877 3.483 2.227 3.445 4.464 4.163 0.000 2.980 nan nan
2.354 2.963 3.653 3.298 1.137 0.609 4.337 3.827 2.980 0.000 nan nan
nan nan nan nan nan nan nan nan nan nan nan nan
nan nan nan nan nan nan nan nan nan nan nan nan
