0.000 3.214 3.043 3.147 2.923 3.245 3.529 3.322 3.337 3.212
3.214 0.000 3.368 3.309 3.249 3.281 3.662 3.509 3.583 3.570
3.043 3.368 0.000 3.452 3.411 3.355 3.699 3.522 3.450 3.536
3.147 3.309 3.452 0.000 3.383 3.369 3.560 3.397 3.581 3.671
2.923 3.249 3.411 3.383 0.000 3.221 3.457 3.396 3.372 3.330
3.245 3.281 3.355 3.369 3.221 0.000 3.540 3.610 3.521 3.501
3.529 3.662 3.699 3.560 3.457 3.540 0.000 3.782 3.671 3.588
3.322 3.509 3.522 3.397 3.396 3.610 3.782 0.000 3.864 3.655
3.337 3.583 3.450 3.581 3.372 3.521 3.671 3.864 0.000 3.441
3.212 3.570 3.536 3.671 3.330 3.501 3.588 3.655 3.441 0.000
